- !<Matter/539220ee-adb6-4904-ae7b-d50e65e22879>
  PackagePath: ""
  Friction: 0.000000
  RollingFriction: 0.000000
  SpinningFriction: 0.000000
  DynamicBounciness: 1.000000
  StaticBounciness: 1.000000
