- !<Matter/bb30415c-7230-4367-9d84-5a0f892a038d>
  PackagePath: ""
  Friction: 0.800000
  RollingFriction: 0.010000
  SpinningFriction: 0.010000
  DynamicBounciness: 0.190000
  StaticBounciness: 0.190000
