- !<Matter/267fff09-e341-444f-b4d4-f70308b25406>
  PackagePath: ""
  Friction: 0.200000
  RollingFriction: 0.010000
  SpinningFriction: 0.020000
  DynamicBounciness: 0.470000
  StaticBounciness: 0.490000
