- !<Matter/63554c0e-2893-4e82-ab4c-202ae579bf41>
  PackagePath: ""
  Friction: 0.900000
  RollingFriction: 0.430000
  SpinningFriction: 0.390000
  DynamicBounciness: 1.000000
  StaticBounciness: 1.000000
